0
0
0
0
0
0
0
0
0
0
0
0
0
0
0
0
0
0
0
0
0
0
0
0
0
0
0
0
0
0
0
0
0
0
0
0
0
0
0
0
0
0
0
0
0
0
0
0
0
0
0
0
0
0
0
0
0
0
0.000151653
0.000224921
0.00046729
0.000498504
0.000574383
0.000575374
0.000643915
0.000664894
0.000693963
0.000697837
0.000701262
0.000775795
0.000793651
0.00082713
0.000829187
0.000873362
0.000895255
0.000948767
0.000961538
0.000976563
0.001001001
0.001001753
0.001030928
0.001059322
0.001071811
0.001109878
0.001112347
0.001121076
0.001142857
0.001175088
0.001197605
0.001231527
0.001239926
0.001257862
0.001338688
0.001432665
0.001484414
0.001616031
0.001753771
0.001757469
0.001762632
0.001796945
0.001824818
0.001896813
0.001923077
0.001930502
0.002008032
0.002059025
0.002061856
0.002172564
0.002266839
0.002320186
0.002436647
0.002597403
0.002677376
0.002842524
0.002850163
0.002918288
0.00295858
0.002996255
0.003039514
0.003184713
0.003225806
0.003722084
0.003733665
0.003745318
0.003824092
0.004120879
0.004652966
0.004796163
0.004975124
0.005980861
0.006666667
0.007501705
0.007949126
0.013824885